1.492891091688E9 -99
1.492891092896E9 -99
1.492891095136E9 -99
1.492891097374E9 -99
1.492891099171E9 -99
1.492891101856E9 -101
1.492891104171E9 -99
1.492891110897E9 -99
1.492891111546E9 -113
1.492891113784E9 -95
1.492891114902E9 -95
1.492891116022E9 -99
1.492891120807E9 -103
1.492891123048E9 -101
1.492891123612E9 -101
1.492891127527E9 -103
1.492891129194E9 -103
1.492891129766E9 -101
1.492891132007E9 -97
1.492891137454E9 -99
1.492891139695E9 -99
1.49289114028E9 -99
1.492891141934E9 -101
1.49289114429E9 -101
1.492891146413E9 -101
1.492891148975E9 -109
1.492891154101E9 -103
1.492891156654E9 -101
1.492891158221E9 -101
1.492891158896E9 -103
1.492891163376E9 -99
1.4928911638E9 -99
1.492891165614E9 -101
1.492891167856E9 -105
1.492891168952E9 -105
1.492891172335E9 -105
1.492891172959E9 -105
1.492891174574E9 -101
1.492891177129E9 -105
1.492891182253E9 -105
1.492891184819E9 -103
1.492891187059E9 -103
1.492891191582E9 -103
1.49289119218E9 -97
1.49289119442E9 -99
1.4928911956E9 -99
1.492891196661E9 -99
1.492891201449E9 -99
1.492891203976E9 -107
1.492891206578E9 -101
1.492891209141E9 -101
1.492891214264E9 -99
