1.492890071656E9 -93
1.49289007205E9 -99
1.492890075941E9 -99
1.492890076529E9 -89
1.492890079797E9 -91
1.492890084936E9 -91
1.492890087184E9 -87
1.492890089419E9 -85
1.492890095011E9 -85
1.492890097738E9 -85
1.492890101825E9 -85
1.492890104773E9 -83
1.492890107013E9 -89
1.492890108348E9 -89
1.492890111809E9 -85
1.49289011437E9 -85
1.492890119496E9 -85
1.492890121735E9 -85
1.492890122337E9 -85
1.492890123974E9 -87
1.492890126353E9 -87
1.492890128454E9 -87
1.492890131007E9 -83
1.492890136571E9 -83
1.492890139279E9 -83
1.492890140291E9 -89
1.492890144771E9 -83
1.492890145233E9 -83
1.492890147249E9 -79
1.492890150206E9 -89
1.492890152447E9 -87
1.492890153029E9 -87
1.492890156928E9 -91
1.492890157029E9 -91
1.492890159167E9 -85
1.492890163969E9 -85
1.492890164577E9 -85
1.492890164728E9 -89
1.49289016845E9 -89
1.492890171603E9 -89
1.492890173162E9 -89
1.492890175808E9 -87
1.492890180613E9 -87
1.492890181238E9 -87
1.492890181373E9 -89
1.492890185092E9 -87
1.492890185237E9 -87
1.492890188097E9 -87
1.492890189571E9 -87
1.492890191812E9 -85
1.492890194053E9 -87
1.492890194619E9 -87
1.492890198854E9 -91
1.492890203954E9 -89
1.492890206006E9 -89
1.492890206193E9 -85
1.492890207332E9 -83
1.492890210001E9 -83
1.492890210674E9 -87
1.492890215483E9 -87
1.49289021713E9 -91
1.492890218327E9 -91
1.492890222203E9 -87
1.492890223902E9 -87
1.492890229574E9 -89
1.492890232131E9 -89
1.492890237254E9 -89
1.492890239817E9 -87
1.49289024493E9 -87
