1.490477354026E9 -93
1.490477354533E9 -91
1.490477357531E9 -91
1.490477363535E9 -91
1.490477368589E9 -91
1.490477375542E9 -93
1.490477375822E9 -93
1.490477378542E9 -91
1.490477381564E9 -91
1.490477384532E9 -91
1.490477387545E9 -91
1.49047739955E9 -87
1.490477401654E9 -87
1.490477402557E9 -97
1.490477405555E9 -97
1.490477413901E9 -97
1.490477414418E9 -91
1.490477416659E9 -91
1.490477417483E9 -91
1.490477418761E9 -91
1.490477418899E9 -97
1.490477423377E9 -93
1.490477424303E9 -93
1.490477427855E9 -95
1.490477432339E9 -95
1.490477433054E9 -95
1.490477434576E9 -95
1.490477436815E9 -93
1.490477438899E9 -93
1.490477438901E9 -93
1.490477444192E9 -93
1.490477445779E9 -93
1.490477450257E9 -93
1.490477454737E9 -93
1.490477459217E9 -93
1.490477461323E9 -93
1.490477461459E9 -95
1.490477463698E9 -97
1.490477467912E9 -97
1.490477468176E9 -89
1.490477470418E9 -91
1.490477472663E9 -91
1.490477477046E9 -91
1.490477477138E9 -91
1.490477479386E9 -89
1.490477480545E9 -89
1.490477486098E9 -91
1.490477488344E9 -91
1.490477490577E9 -91
1.490477495388E9 -95
1.490477497627E9 -93
1.490477499305E9 -93
1.490477502111E9 -89
1.49047750435E9 -89
1.490477506591E9 -89
1.49047750847E9 -89
1.490477513311E9 -91
1.49047751779E9 -91
1.490477521648E9 -91
