1.492989749765E9 -90
1.492989750185E9 -84
1.492989751616E9 -96
1.492989753186E9 -90
1.492989753601E9 -94
1.492989753758E9 -94
1.492989753856E9 -91
1.492989755123E9 -91
1.492989755131E9 -91
1.492989756505E9 -83
1.492989758724E9 -83
1.492989758732E9 -89
1.492989762912E9 -92
1.49298976323E9 -89
1.492989764296E9 -89
1.49298976547E9 -92
1.492989765918E9 -91
1.492989767707E9 -94
1.492989768914E9 -92
1.492989769306E9 -92
1.492989769754E9 -92
1.492989769952E9 -88
1.492989769956E9 -88
1.492989773148E9 -90
1.492989774029E9 -87
1.492989775391E9 -91
1.492989777627E9 -94
1.492989778489E9 -94
1.49298977917E9 -91
1.492989779176E9 -91
1.492989780825E9 -89
1.492989784272E9 -90
1.492989786514E9 -93
1.492989787951E9 -88
1.492989788747E9 -90
1.492989790759E9 -90
1.492989790954E9 -89
1.492989790958E9 -89
1.4929897945E9 -88
1.492989796741E9 -91
1.492989798191E9 -89
1.492989798981E9 -90
1.492989801192E9 -98
1.492989801519E9 -98
1.492989803053E9 -98
1.49298980474E9 -89
1.492989804746E9 -89
1.492989806988E9 -89
1.492989806998E9 -92
1.492989808237E9 -90
1.492989809218E9 -90
1.492989811758E9 -90
1.492989813703E9 -92
1.492989814432E9 -90
1.492989815941E9 -89
1.492989816757E9 -89
1.49298981735E9 -89
1.492989817432E9 -90
1.492989817436E9 -90
1.492989820118E9 -88
1.492989821787E9 -88
1.492989823066E9 -88
1.492989825306E9 -88
1.492989828627E9 -88
1.492989830872E9 -87
1.492989831446E9 -87
1.492989831632E9 -90
1.492989831636E9 -90
1.49298983331E9 -90
1.49298983587E9 -88
