1.492890653194E9 -97
1.492890653944E9 -97
1.492890657525E9 -97
1.492890659091E9 -97
1.492890660672E9 -93
1.492890662568E9 -93
1.492890664082E9 -93
1.492890665145E9 -95
1.492890668136E9 -95
1.49289066963E9 -95
1.492890671865E9 -95
1.492890674116E9 -95
1.492890679845E9 -99
1.492890682343E9 -99
1.492890684586E9 -99
1.492890684969E9 -99
1.4928906891E9 -99
1.492890689108E9 -105
1.492890691307E9 -105
1.492890693542E9 -105
1.492890698025E9 -105
1.492890699842E9 -105
1.492890699845E9 -105
1.492890700335E9 -105
1.492890705467E9 -101
1.492890710284E9 -107
1.492890710957E9 -107
1.492890714763E9 -103
1.492890717524E9 -103
1.492890719242E9 -103
1.492890719847E9 -103
1.492890719849E9 -103
1.492890723721E9 -103
1.492890725958E9 -97
1.492890728869E9 -97
1.492890730441E9 -97
1.49289073268E9 -99
1.492890735535E9 -99
1.492890737164E9 -99
1.492890739402E9 -103
1.492890744214E9 -103
1.492890748366E9 -111
1.492890750601E9 -103
1.492890750828E9 -103
1.492890752683E9 -103
1.492890752685E9 -103
1.492890755084E9 -103
1.492890757323E9 -105
1.492890760122E9 -97
1.492890765269E9 -97
1.492890767838E9 -97
1.492890772957E9 -97
