1.492890659202E9 -89
1.492890659986E9 -89
1.492890664465E9 -87
1.492890665812E9 -87
1.492890666705E9 -89
1.492890669882E9 -87
1.492890672207E9 -87
1.492890677568E9 -87
1.492890680128E9 -91
1.492890685247E9 -93
1.492890690052E9 -93
1.492890690655E9 -93
1.492890694532E9 -91
1.492890696774E9 -91
1.492890699011E9 -93
1.492890699719E9 -93
1.492890703768E9 -91
1.492890707292E9 -91
1.492890710487E9 -91
1.492890711292E9 -91
1.492890712731E9 -91
1.492890721096E9 -91
1.492890723336E9 -89
1.492890723933E9 -89
1.492890725576E9 -91
1.49289072794E9 -91
1.492890730056E9 -89
1.492890732601E9 -89
1.492890736899E9 -89
1.492890737411E9 -87
1.49289073965E9 -89
1.492890740887E9 -89
1.492890741891E9 -93
1.492890746983E9 -93
1.49289074861E9 -89
1.492890750852E9 -89
1.492890750986E9 -89
1.492890755645E9 -91
1.49289075723E9 -91
1.492890757885E9 -89
1.49289076123E9 -89
1.492890762367E9 -89
1.492890764609E9 -89
1.492890765045E9 -89
1.492890766846E9 -93
1.492890769042E9 -93
