1.492888742178E9 -92
1.492888743926E9 -95
1.492888744206E9 -95
1.492888746163E9 -97
1.492888747204E9 -95
1.492888748393E9 -91
1.49288875021E9 -97
1.492888751119E9 -91
1.492888752876E9 -95
1.492888753208E9 -94
1.492888755115E9 -91
1.492888756222E9 -94
1.492888759214E9 -92
1.492888759338E9 -92
1.492888760779E9 -92
1.492888762118E9 -94
1.492888764367E9 -93
1.492888783088E9 -93
1.492888785782E9 -93
1.492888785789E9 -91
1.492888785795E9 -91
1.492888785799E9 -91
1.492888786131E9 -89
1.492888786759E9 -90
1.492888788997E9 -91
1.492888790043E9 -88
1.492888791117E9 -88
1.492888791239E9 -92
1.492888792668E9 -92
1.492888793727E9 -90
1.492888793732E9 -90
1.492888795971E9 -93
1.492888797008E9 -91
1.492888798207E9 -94
1.492888800011E9 -89
1.492888800725E9 -89
1.492888802689E9 -89
1.492888803015E9 -92
1.492888804932E9 -87
1.492888805723E9 -87
1.492888806011E9 -93
1.492888807066E9 -93
1.49288880717E9 -95
1.492888807174E9 -95
1.492888810372E9 -94
1.492888812926E9 -95
1.492888815488E9 -91
1.492888819329E9 -91
1.492888819337E9 -92
1.492888822126E9 -94
1.492888824444E9 -93
1.492888830852E9 -95
1.492888832129E9 -94
1.492888833069E9 -94
1.492888835969E9 -95
1.492888838159E9 -95
1.492888838169E9 -97
1.492888853889E9 -97
1.492888858159E9 -97
1.492888858638E9 -97
1.49288886015E9 -97
1.492888861272E9 -97
1.492888861279E9 -91
1.492888861284E9 -91
1.492888861295E9 -91
1.492888862847E9 -90
1.492888864131E9 -90
1.492888864135E9 -89
1.492888865407E9 -89
