1.492889676272E9 -97
1.492889677944E9 -95
1.492889684664E9 -91
1.492889686907E9 -89
1.492889688171E9 -89
1.492889691385E9 -89
1.492889692614E9 -89
1.492889693624E9 -101
1.492889695864E9 -101
1.492889696622E9 -101
1.492889701213E9 -107
1.492889703854E9 -101
1.492889706419E9 -99
1.492889707986E9 -99
1.492889710898E9 -93
1.492889712986E9 -93
1.492889713138E9 -93
1.492889717936E9 -97
1.492889720504E9 -93
1.492889723347E9 -93
1.492889724983E9 -97
1.492889727225E9 -99
1.492889727363E9 -99
1.492889729466E9 -95
1.492889732996E9 -97
1.492889733567E9 -97
1.49288973603E9 -93
1.492889737565E9 -93
1.492889738737E9 -99
1.492889743227E9 -103
1.492889743807E9 -103
1.492889745458E9 -99
1.492889748807E9 -99
1.492889749937E9 -101
1.492889751646E9 -101
1.49288975218E9 -97
1.492889754418E9 -97
1.492889758897E9 -103
1.492889760199E9 -103
1.492889761137E9 -97
1.492889766575E9 -101
1.492889769134E9 -97
1.492889771373E9 -95
1.492889776457E9 -89
1.492889779019E9 -87
1.49288978414E9 -85
1.49288978841E9 -85
1.492889788927E9 -87
1.492889793408E9 -87
1.49288979442E9 -87
1.492889795646E9 -87
1.492889798203E9 -93
1.492889803337E9 -87
1.49288980561E9 -87
1.49288981102E9 -87
1.492889813574E9 -87
