1.49288895317E9 -95
1.492888955389E9 -95
1.492888959751E9 -95
1.492888959869E9 -89
1.492888962113E9 -91
1.492888965095E9 -95
1.492888966691E9 -95
1.492888967322E9 -95
1.492888971804E9 -95
1.49288897319E9 -95
1.492888974044E9 -97
1.492888979061E9 -101
1.492888979677E9 -101
1.492888979812E9 -97
1.492888983531E9 -99
1.492888983648E9 -99
1.492888987667E9 -99
1.492888988016E9 -99
1.492888989066E9 -99
1.492888991695E9 -99
1.492888992496E9 -99
1.492888996989E9 -99
1.492888997174E9 -99
1.492888998545E9 -101
1.492889001546E9 -99
1.492889003161E9 -99
1.492889004545E9 -101
1.492889008662E9 -99
1.492889011396E9 -97
1.492889016184E9 -97
1.492889019066E9 -97
1.492889024186E9 -99
1.492889026429E9 -97
1.492889026728E9 -97
1.492889028679E9 -97
1.49288903074E9 -97
1.492889033149E9 -97
1.492889035692E9 -99
1.492889038262E9 -103
1.492889040828E9 -99
1.492889045943E9 -99
1.492889048505E9 -97
1.492889053621E9 -99
1.492889056185E9 -99
1.492889061309E9 -99
1.492889063857E9 -99
1.492889068995E9 -99
1.492889071554E9 -99
1.492889076671E9 -97
1.492889079231E9 -97
1.492889084357E9 -97
1.492889086914E9 -99
1.492889091713E9 -97
1.492889091956E9 -97
1.492889093949E9 -95
1.492889095965E9 -95
1.492889096189E9 -97
