1.492889431756E9 -86
1.492889433498E9 -86
1.492889433503E9 -90
1.492889434914E9 -90
1.492889435737E9 -94
1.492889436543E9 -91
1.492889437515E9 -91
1.492889437523E9 -100
1.492889437978E9 -93
1.492889439551E9 -93
1.492889439808E9 -93
1.492889439811E9 -93
1.492889440217E9 -92
1.492889452623E9 -92
1.49288946227E9 -92
1.49288946592E9 -92
1.492889465928E9 -87
1.492889465933E9 -87
1.492889465936E9 -87
1.492889466273E9 -90
1.492889467098E9 -88
1.492889467257E9 -87
1.492889468256E9 -87
1.492889471267E9 -87
1.492889473472E9 -91
1.492889473477E9 -91
1.492889478301E9 -91
1.492889485025E9 -91
1.492889493102E9 -91
1.492889493565E9 -91
1.492889498347E9 -91
1.49288949836E9 -90
1.492889498365E9 -90
1.492889498369E9 -90
1.492889503757E9 -87
1.49288951405E9 -87
1.492889519195E9 -87
1.492889523804E9 -87
1.492889529439E9 -125
1.492889529449E9 -125
1.492889529459E9 -86
1.492889529463E9 -86
1.492889530067E9 -86
1.492889535041E9 -87
1.492889541731E9 -87
1.492889546203E9 -87
