1.49289012921E9 -91
1.492890129599E9 -91
1.492890130114E9 -88
1.49289013312E9 -84
1.492890134597E9 -84
1.492890135702E9 -92
1.492890136112E9 -91
1.492890137944E9 -86
1.492890139117E9 -91
1.492890139606E9 -91
1.492890140182E9 -87
1.492890144599E9 -87
1.492890144663E9 -94
1.492890145125E9 -90
1.492890146902E9 -87
1.492890148132E9 -85
1.492890149153E9 -92
1.492890149598E9 -92
1.492890151126E9 -93
1.492890152373E9 -93
1.492890153654E9 -88
1.49289015366E9 -88
1.492890156214E9 -90
1.492890158222E9 -89
1.492890158453E9 -86
1.492890159715E9 -95
1.492890160696E9 -97
1.492890161217E9 -90
1.49289016153E9 -90
1.492890162473E9 -90
1.492890163048E9 -88
1.492890164804E9 -88
1.49289016481E9 -90
1.492890185127E9 -90
1.492890187699E9 -90
1.492890187708E9 -90
1.492890187718E9 -90
1.492890187739E9 -90
1.492890188052E9 -90
1.492890189113E9 -90
1.492890190108E9 -92
1.492890190603E9 -92
1.492890190609E9 -91
1.492890192115E9 -88
1.492890192351E9 -90
1.492890193043E9 -90
1.49289019459E9 -92
1.492890195117E9 -89
1.492890196828E9 -94
1.492890198051E9 -94
1.492890198117E9 -91
1.492890199069E9 -93
1.492890199132E9 -93
1.492890202484E9 -90
1.49289020249E9 -90
1.492890205969E9 -90
1.492890211956E9 -90
1.492890225976E9 -90
1.49289022909E9 -90
1.492890229095E9 -88
1.492890229099E9 -88
1.492890229103E9 -88
1.492890231547E9 -89
1.492890231554E9 -92
1.492890233043E9 -94
1.492890234485E9 -93
