1.492891104426E9 -101
1.49289110912E9 -101
1.492891112515E9 -103
1.492891117617E9 -107
1.492891120199E9 -101
1.492891121801E9 -101
1.492891121802E9 -101
1.492891122448E9 -101
1.492891123075E9 -101
1.492891126695E9 -101
1.492891126916E9 -101
1.492891131399E9 -101
1.492891135879E9 -101
1.492891138118E9 -103
1.492891141808E9 -103
1.49289114181E9 -103
1.492891143225E9 -101
1.492891145473E9 -97
1.492891146304E9 -97
1.492891149857E9 -97
1.492891152187E9 -97
1.492891154431E9 -97
1.492891159866E9 -97
1.49289116242E9 -101
1.492891175246E9 -101
1.492891177809E9 -99
1.492891182427E9 -99
1.492891182431E9 -99
1.492891182915E9 -101
1.492891185468E9 -101
1.492891191434E9 -101
1.492891192535E9 -97
1.492891194766E9 -97
1.492891195048E9 -97
1.492891199244E9 -103
1.492891202096E9 -103
1.492891203729E9 -103
1.492891204338E9 -99
1.492891210823E9 -99
1.492891213299E9 -101
1.492891219252E9 -101
1.492891219258E9 -101
