1.490409063905E9 -105
1.490409063907E9 -105
1.490409064275E9 -97
1.490409064645E9 -95
1.49040906652E9 -117
1.490409067658E9 -109
1.490409068663E9 -109
1.490409068754E9 -110
1.490409068896E9 -110
1.490409070663E9 -117
1.490409070998E9 -117
1.490409072665E9 -117
1.490409073237E9 -117
1.490409073666E9 -117
1.490409073902E9 -117
1.49040907467E9 -117
1.490409075477E9 -117
1.490409075966E9 -117
1.490409075972E9 -117
1.490409077017E9 -91
1.49040907772E9 -87
1.490409095638E9 -82
1.49040909786E9 -81
1.490409098534E9 -78
1.490409099533E9 -81
1.490409100116E9 -78
1.490409101544E9 -80
1.490409102855E9 -80
1.490409103539E9 -79
1.490409106836E9 -82
1.490409107556E9 -80
1.490409107857E9 -80
1.490409112854E9 -80
1.49040911557E9 -79
1.490409117862E9 -79
1.490409119581E9 -81
1.490409120276E9 -79
1.490409121585E9 -85
1.490409122517E9 -82
1.490409122854E9 -82
1.490409126997E9 -82
1.490409127598E9 -84
1.490409127857E9 -84
