1.492890664156E9 -89
1.492890664437E9 -90
1.492890665275E9 -90
1.492890666155E9 -88
1.492890667455E9 -88
1.492890682457E9 -86
1.492890686482E9 -86
1.492890688472E9 -86
1.492890689461E9 -86
1.492890689474E9 -92
1.492890689479E9 -92
1.492890689486E9 -92
1.492890690677E9 -88
1.492890691481E9 -86
1.492890693035E9 -90
1.492890694486E9 -89
1.492890695274E9 -90
1.492890695664E9 -90
1.492890697478E9 -90
1.49289069825E9 -90
1.492890700398E9 -90
1.492890702637E9 -90
1.492890702643E9 -91
1.492890704502E9 -93
1.492890704872E9 -94
1.492890706861E9 -94
1.492890707115E9 -90
1.492890707384E9 -90
1.492890707505E9 -89
1.492890707511E9 -89
1.492890709353E9 -90
1.492890712789E9 -91
1.492890715752E9 -91
1.49289071737E9 -90
1.492890725995E9 -91
1.492890727999E9 -91
1.492890728005E9 -91
1.492890731125E9 -91
1.492890731134E9 -90
1.492890733358E9 -90
1.492890736232E9 -90
1.492890738793E9 -92
1.492890740077E9 -91
1.49289074135E9 -93
1.492890743914E9 -93
1.492890743919E9 -93
1.492890746156E9 -90
1.492890747119E9 -90
1.492890749274E9 -90
1.492890750121E9 -93
1.492890750633E9 -93
1.492890751212E9 -93
1.492890752877E9 -91
1.492890752883E9 -91
1.492890764075E9 -91
