1.492990172605E9 -107
1.492990172798E9 -101
1.492990175038E9 -105
1.492990176082E9 -105
1.492990179522E9 -103
1.492990181759E9 -103
1.492990184001E9 -99
1.492990184334E9 -99
1.492990188393E9 -99
1.492990190285E9 -99
1.492990190722E9 -103
1.492990192961E9 -99
1.492990194237E9 -99
1.49299019744E9 -103
1.492990199685E9 -103
1.492990204809E9 -99
1.492990207361E9 -99
1.492990212501E9 -99
1.492990220164E9 -101
1.492990227852E9 -103
1.492990230418E9 -103
1.492990235539E9 -103
1.492990238095E9 -99
1.492990243215E9 -99
1.492990245453E9 -103
1.492990246993E9 -103
1.492990247494E9 -91
1.49299025049E9 -101
1.492990253493E9 -109
1.4929902536E9 -109
1.492990259493E9 -105
1.492990262696E9 -99
1.492990262786E9 -99
1.492990265614E9 -97
1.492990266299E9 -97
