1.490476918488E9 -99
1.49047692423E9 -99
1.490476924563E9 -95
1.490476926803E9 -99
1.490476929046E9 -99
1.490476934764E9 -99
1.490476935765E9 -97
1.490476938007E9 -107
1.490476938297E9 -107
1.490476942486E9 -101
1.490476942734E9 -101
1.490476944724E9 -99
1.490476946964E9 -99
1.490476951443E9 -97
1.490476953686E9 -97
1.490476955927E9 -97
1.490476956307E9 -97
1.490476960406E9 -105
1.490476962647E9 -105
1.490476964202E9 -105
1.490476964886E9 -91
1.490476968271E9 -91
1.490476969367E9 -91
1.490476971606E9 -103
1.490476973847E9 -103
1.490476974922E9 -103
1.490476978325E9 -91
1.49047698051E9 -91
1.490476980584E9 -91
1.490476981586E9 -91
1.490476985612E9 -91
1.490476989526E9 -99
1.490476991765E9 -99
1.490476994626E9 -99
1.490476996251E9 -93
1.490476998255E9 -93
1.490476998484E9 -101
1.490477005501E9 -103
1.490477009528E9 -103
1.490477009531E9 -103
1.490477012803E9 -103
1.490477012876E9 -103
1.490477015117E9 -93
1.490477016336E9 -93
1.490477017355E9 -103
1.490477018243E9 -103
1.490477021833E9 -95
1.490477024075E9 -103
1.490477027885E9 -103
1.490477033036E9 -103
1.490477035277E9 -103
1.490477039757E9 -103
1.490477042626E9 -103
1.490477044078E9 -103
1.49047704408E9 -103
1.490477044228E9 -103
1.490477044867E9 -95
1.490477047798E9 -95
1.490477049271E9 -95
1.490477053825E9 -91
1.490477058307E9 -99
1.490477062788E9 -101
1.490477067393E9 -101
