1.492990444472E9 -107
1.492990444801E9 -97
1.49299044704E9 -103
1.492990450849E9 -103
1.492990453765E9 -101
1.492990455387E9 -101
1.492990456007E9 -103
1.492990458934E9 -103
1.49299046048E9 -103
1.492990462723E9 -103
1.492990464964E9 -103
1.492990467044E9 -103
1.492990467045E9 -103
1.492990469753E9 -99
1.492990474422E9 -99
1.492990476812E9 -101
1.492990478021E9 -101
1.49299047905E9 -101
1.492990483529E9 -101
1.49299048638E9 -103
1.492990488962E9 -105
1.492990494072E9 -103
1.492990496646E9 -99
1.492990498905E9 -95
1.492990499616E9 -95
1.492990503193E9 -95
1.492990503367E9 -95
1.492990507849E9 -97
1.492990520958E9 -97
1.492990522593E9 -97
1.492990523212E9 -105
1.492990525447E9 -97
1.492990526207E9 -97
1.492990527684E9 -97
1.492990532159E9 -97
1.492990535044E9 -103
1.492990540163E9 -97
1.492990542723E9 -97
1.492990544321E9 -97
1.492990544449E9 -97
1.492990548476E9 -97
1.492990550736E9 -97
1.492990553735E9 -97
1.492990559741E9 -105
1.492990561207E9 -105
1.492990562756E9 -99
1.492990564885E9 -99
1.492990565759E9 -97
1.492990568756E9 -97
1.492990574722E9 -103
1.492990577101E9 -97
1.492990579342E9 -97
1.492990579521E9 -97
1.492990583141E9 -97
1.492990583819E9 -93
1.492990586065E9 -99
1.492990596157E9 -99
1.49299059683E9 -99
1.492990598396E9 -95
1.49299060041E9 -95
1.492990602877E9 -103
1.492990605116E9 -103
1.492990611836E9 -101
1.492990614076E9 -101
1.492990619534E9 -105
1.4929906221E9 -103
1.492990622877E9 -103
1.492990622879E9 -103
1.492990631617E9 -103
1.492990634259E9 -95
1.492990636495E9 -97
1.492990636648E9 -97
1.492990640975E9 -97
1.492990643215E9 -97
1.492990648959E9 -103
1.49299065152E9 -103
1.492990654043E9 -103
1.492990668478E9 -103
1.492990668962E9 -103
1.492990668964E9 -103
1.492990671365E9 -99
1.492990672043E9 -99
1.492990673601E9 -103
1.49299067808E9 -103
1.492990679983E9 -103
1.492990680322E9 -99
1.492990683555E9 -99
1.492990687051E9 -101
1.492990689283E9 -101
1.492990695049E9 -101
1.492990697608E9 -101
1.492990699613E9 -101
1.492990699848E9 -99
1.492990703141E9 -99
1.492990704326E9 -101
1.492990706568E9 -101
1.492990708808E9 -101
1.492990714221E9 -101
1.492990716796E9 -99
1.492990721937E9 -101
1.492990724181E9 -101
1.492990724543E9 -101
1.492990728028E9 -101
1.492990730892E9 -103
1.492990733134E9 -103
1.492990737662E9 -105
1.492990738121E9 -105
1.492990738421E9 -99
1.492990741459E9 -101
1.492990741669E9 -101
