1.492891761048E9 -101
1.492891762492E9 -103
1.492891764731E9 -99
1.492891766969E9 -97
1.492891768908E9 -97
1.492891771774E9 -97
1.492891774892E9 -99
1.492891777414E9 -97
1.492891780022E9 -95
1.492891785138E9 -99
1.492891787696E9 -93
1.492891791802E9 -93
1.492891792498E9 -95
1.492891794737E9 -95
1.492891796978E9 -99
1.492891800847E9 -99
1.492891801459E9 -97
1.492891804328E9 -97
1.492891806568E9 -97
1.492891807201E9 -97
1.492891808808E9 -95
1.492891812721E9 -95
1.492891813286E9 -93
1.492891815845E9 -95
1.492891820978E9 -97
1.492891822521E9 -97
1.492891823219E9 -97
1.492891825458E9 -97
1.492891827698E9 -97
1.492891829087E9 -97
1.492891832179E9 -101
1.492891832766E9 -101
1.492891834418E9 -95
1.492891836658E9 -95
1.492891840275E9 -95
1.492891841139E9 -95
1.49289184338E9 -101
1.492891843956E9 -101
1.492891845619E9 -101
1.4928918501E9 -95
1.492891852338E9 -97
1.492891854571E9 -97
1.492891854581E9 -99
1.492891859334E9 -99
1.49289186962E9 -99
1.492891871863E9 -103
1.492891872421E9 -103
1.49289187634E9 -103
1.492891876949E9 -103
1.492891878581E9 -97
1.492891883374E9 -99
1.492891886258E9 -101
1.49289189137E9 -99
1.492891893935E9 -99
1.492891899058E9 -97
1.492891901615E9 -99
1.492891903176E9 -99
1.492891903853E9 -99
1.492891908334E9 -99
1.492891910221E9 -99
1.492891910574E9 -99
1.492891915694E9 -99
1.492891920438E9 -91
1.492891924292E9 -89
1.492891928545E9 -89
1.492891929926E9 -93
1.492891932556E9 -93
1.492891934446E9 -95
1.492891937084E9 -95
1.492891941965E9 -93
