1.492889440423E9 -99
1.492889444316E9 -99
1.492889446556E9 -97
1.492889447205E9 -97
1.492889449132E9 -105
1.492889454266E9 -103
1.492889456827E9 -101
1.492889461461E9 -101
1.492889461732E9 -101
1.492889462221E9 -103
1.492889465941E9 -101
1.492889469291E9 -101
1.49288947042E9 -99
1.492889473457E9 -101
1.492889478584E9 -97
1.492889481149E9 -99
1.492889488822E9 -99
1.492889496412E9 -101
1.49288949906E9 -97
1.492889501619E9 -97
1.49288950675E9 -97
1.492889511869E9 -97
1.492889514423E9 -97
1.492889519537E9 -99
1.492889521758E9 -99
1.492889521794E9 -95
1.492889524017E9 -97
1.492889525767E9 -97
1.492889526255E9 -99
1.492889531063E9 -97
1.492889536188E9 -99
1.492889538749E9 -101
1.492889541142E9 -99
1.492889543861E9 -95
1.492889548664E9 -95
1.492889551537E9 -95
1.492889556667E9 -97
1.492889564026E9 -103
1.492889565268E9 -103
1.492889566267E9 -87
1.492889568513E9 -87
1.49288956978E9 -87
1.492889572766E9 -87
1.492889572988E9 -93
1.492889575228E9 -91
1.492889576783E9 -91
1.492889577468E9 -91
1.49288958195E9 -105
1.492889582386E9 -105
1.49288958419E9 -105
1.492889586427E9 -103
1.492889586918E9 -103
1.492889591215E9 -107
1.492889592768E9 -107
1.492889593457E9 -99
1.492889595695E9 -99
1.492889600176E9 -99
1.492889601369E9 -99
1.492889602415E9 -97
