1.490478024982E9 -91
1.490478027356E9 -93
1.490478029594E9 -91
1.490478031838E9 -95
1.490478038481E9 -95
1.490478038587E9 -97
1.490478039465E9 -97
1.490478043035E9 -91
1.490478045284E9 -91
1.49047804597E9 -91
1.490478047516E9 -99
1.490478054242E9 -91
1.490478054753E9 -91
1.490478056475E9 -91
1.490478063198E9 -91
1.490478063367E9 -91
1.490478065439E9 -93
1.490478072661E9 -93
1.490478077792E9 -95
1.490478080362E9 -95
1.490478085444E9 -95
1.490478085447E9 -95
1.490478085472E9 -95
1.490478087104E9 -95
1.490478087714E9 -99
1.490478089951E9 -95
1.490478092189E9 -95
1.490478096673E9 -93
1.490478098911E9 -95
1.490478101153E9 -95
1.49047810384E9 -95
1.490478105248E9 -95
1.490478107875E9 -89
1.490478110783E9 -89
1.490478119075E9 -93
1.490478123847E9 -93
1.4904781261E9 -89
1.49047812676E9 -89
1.490478128331E9 -93
1.490478132352E9 -93
1.490478132816E9 -91
1.490478135053E9 -93
1.490478137189E9 -93
1.490478137293E9 -93
1.49047814178E9 -99
1.490478144663E9 -99
1.49047814625E9 -99
1.490478150731E9 -97
1.490478152969E9 -97
1.490478155052E9 -97
1.490478155053E9 -97
1.490478155212E9 -97
1.490478159692E9 -97
1.490478167386E9 -97
1.49047817507E9 -97
1.490478177155E9 -97
1.490478177313E9 -97
1.490478179548E9 -97
1.490478181791E9 -89
1.490478183255E9 -89
1.490478188513E9 -89
1.490478194264E9 -89
1.490478196819E9 -85
1.490478204523E9 -91
