1.490409185255E9 -82
1.490409186082E9 -86
1.490409187042E9 -78
1.490409187086E9 -80
1.490409188087E9 -83
1.490409188402E9 -83
1.490409189282E9 -81
1.490409190089E9 -90
1.490409191524E9 -88
1.490409192095E9 -86
1.490409193097E9 -86
1.490409193405E9 -86
1.490409193765E9 -90
1.490409194096E9 -93
1.490409196001E9 -87
1.490409198109E9 -82
1.490409198409E9 -82
1.490409199114E9 -79
1.490409200112E9 -80
1.490409200485E9 -81
1.490409202115E9 -78
1.490409203405E9 -78
1.490409204125E9 -83
1.490409204971E9 -84
1.490409206122E9 -85
1.490409207201E9 -85
1.490409208132E9 -83
1.490409208409E9 -83
1.490409208785E9 -83
1.490409208799E9 -83
1.490409209446E9 -87
1.490409210197E9 -76
1.490409212204E9 -81
1.490409213923E9 -83
1.490409214763E9 -83
1.490409216023E9 -83
1.490409216181E9 -83
1.490409216185E9 -83
1.490409218232E9 -84
1.4904092184E9 -93
1.490409219468E9 -89
1.490409220468E9 -82
1.490409220642E9 -82
1.490409221467E9 -88
1.490409222882E9 -88
1.490409223474E9 -88
1.490409224831E9 -88
1.490409225123E9 -84
1.490409225475E9 -81
1.490409226477E9 -86
1.490409226901E9 -86
1.490409227708E9 -86
1.490409229368E9 -86
1.490409229371E9 -86
