1.492889675698E9 -103
1.492889676656E9 -95
1.492889681141E9 -101
1.492889681562E9 -101
1.492889683379E9 -101
1.492889685618E9 -105
1.492889690426E9 -105
1.492889695548E9 -103
1.492889698109E9 -105
1.492889701141E9 -105
1.492889701144E9 -105
1.492889703236E9 -105
1.492889705798E9 -105
1.492889707577E9 -105
1.492889708048E9 -97
1.492889711677E9 -97
1.492889712521E9 -107
1.492889714761E9 -103
1.492889717001E9 -103
1.492889722422E9 -109
1.49288972467E9 -105
1.492889725376E9 -105
1.492889726912E9 -105
1.492889729454E9 -105
1.492889731387E9 -99
1.492889732524E9 -99
1.492889732531E9 -99
1.492889733628E9 -99
1.492889733891E9 -99
1.492889735869E9 -99
1.492889739879E9 -99
1.492889744827E9 -99
1.492889749745E9 -99
1.492889750261E9 -111
1.492889751022E9 -105
1.492889753813E9 -105
1.492889759218E9 -103
1.4928897637E9 -97
1.492889768179E9 -95
1.492889770416E9 -93
1.492889773244E9 -91
1.492889780946E9 -93
1.492889786072E9 -95
1.492889788637E9 -95
1.492889793434E9 -93
1.492889794102E9 -93
1.492889795666E9 -89
1.492889797906E9 -89
1.492889799688E9 -89
1.492889802387E9 -87
1.492889804627E9 -87
1.49288980781E9 -93
1.49288981807E9 -93
