1.492751808447E9 -97
1.492751813927E9 -97
1.49275181722E9 -97
1.492751817313E9 -101
1.492751821213E9 -101
1.4927518218E9 -97
1.492751823504E9 -97
1.492751824034E9 -99
1.492751826276E9 -99
1.492751830758E9 -95
1.492751831105E9 -95
1.492751832996E9 -101
1.492751840685E9 -101
1.492751843232E9 -101
1.492751845478E9 -97
1.492751845892E9 -97
1.492751849488E9 -97
1.492751852188E9 -101
1.492751854428E9 -101
1.492751858911E9 -101
1.492751861154E9 -101
1.492751866275E9 -101
1.492751868863E9 -99
1.492751870586E9 -103
1.492751871789E9 -103
1.49275187219E9 -103
1.492751872193E9 -103
1.492751873866E9 -101
1.492751875327E9 -101
1.492751876873E9 -101
1.492751885907E9 -105
1.492751887133E9 -105
1.492751888911E9 -99
1.492751890674E9 -99
1.492751892196E9 -99
1.492751899543E9 -103
1.492751903394E9 -103
