1.492751050587E9 -97
1.492751052793E9 -93
1.492751055303E9 -93
1.492751057274E9 -95
1.492751062065E9 -95
1.492751064639E9 -93
1.492751066073E9 -93
1.492751066077E9 -93
1.492751069751E9 -95
1.492751072311E9 -97
1.492751077441E9 -95
1.492751080005E9 -95
1.492751082214E9 -95
1.492751082289E9 -95
1.49275108629E9 -95
1.492751088971E9 -97
1.492751096637E9 -93
1.492751098877E9 -97
1.492751100312E9 -97
1.492751101118E9 -93
1.492751103831E9 -93
1.492751110074E9 -95
1.492751113656E9 -95
1.492751114556E9 -91
1.492751116796E9 -95
1.492751119035E9 -93
1.492751119233E9 -93
1.492751123516E9 -93
1.492751133757E9 -93
1.492751136798E9 -93
1.492751136801E9 -93
