1.490391366807E9 -101
1.49039136945E9 -97
1.490391371691E9 -93
1.490391372125E9 -93
1.490391376476E9 -101
1.490391377234E9 -101
1.490391377505E9 -101
1.490391380954E9 -101
1.490391385437E9 -95
1.490391387677E9 -95
1.490391389914E9 -97
1.490391394395E9 -101
1.490391396633E9 -97
1.490391398875E9 -97
1.490391401706E9 -97
1.490391403355E9 -93
1.490391404421E9 -93
1.490391405593E9 -95
1.490391407837E9 -95
1.490391412318E9 -93
1.490391414553E9 -99
1.490391416793E9 -99
1.490391421274E9 -99
1.490391423514E9 -95
1.490391425754E9 -97
1.490391430234E9 -99
1.490391432474E9 -89
1.490391434714E9 -89
1.490391439194E9 -99
1.490391441434E9 -99
1.490391443675E9 -91
1.490391448158E9 -97
1.490391450394E9 -89
1.490391452636E9 -95
1.490391457116E9 -95
1.490391459354E9 -93
1.490391461145E9 -93
1.490391461594E9 -93
1.490391464491E9 -93
1.490391466074E9 -91
1.490391468314E9 -99
1.490391470555E9 -91
1.490391474098E9 -91
1.490391475035E9 -91
1.490391477202E9 -91
1.490391477283E9 -99
1.490391479516E9 -97
1.490391481705E9 -97
1.490391483994E9 -93
1.490391486236E9 -95
1.490391486532E9 -95
1.490391488476E9 -93
1.490391492955E9 -93
1.490391493559E9 -93
1.490391495194E9 -95
1.490391497436E9 -91
1.490391498297E9 -91
1.490391501915E9 -91
1.490391502303E9 -91
1.490391504154E9 -91
1.49039150851E9 -91
1.490391508958E9 -95
1.490391509725E9 -95
1.490391512721E9 -95
1.490391514203E9 -95
1.490391515727E9 -95
1.490391518309E9 -95
1.490391518723E9 -95
1.490391521724E9 -97
1.490391522789E9 -97
1.490391527382E9 -97
1.490391527837E9 -97
1.490391528598E9 -97
1.490391531388E9 -97
1.490391532317E9 -103
1.490391536894E9 -105
1.490391537653E9 -105
1.490391539132E9 -105
1.490391541372E9 -95
1.490391545852E9 -95
1.490391546255E9 -95
1.49039154892E9 -95
1.490391550756E9 -95
1.490391551166E9 -101
1.4903915534E9 -97
1.490391554771E9 -97
1.490391557906E9 -95
1.490391560241E9 -95
1.490391565609E9 -93
1.490391566052E9 -93
1.490391567152E9 -93
1.490391570088E9 -93
1.490391576742E9 -93
1.490391576868E9 -95
1.490391579049E9 -85
1.490391584682E9 -93
1.490391586921E9 -91
1.490391587485E9 -91
1.490391588843E9 -93
1.49039159364E9 -91
1.49039159588E9 -87
1.490391598127E9 -93
1.49039159857E9 -93
1.490391603413E9 -93
1.490391603457E9 -91
1.490391605674E9 -91
1.490391607416E9 -91
1.490391610356E9 -91
1.490391612392E9 -99
1.490391614632E9 -95
1.490391616872E9 -95
1.490391619389E9 -95
1.490391621875E9 -93
1.490391624113E9 -103
1.490391624725E9 -103
1.490391626352E9 -97
1.490391628708E9 -97
1.490391630841E9 -97
1.490391632557E9 -97
1.49039163308E9 -93
1.490391635321E9 -91
1.490391637251E9 -91
1.490391639837E9 -93
1.490391647201E9 -93
1.490391647443E9 -93
1.490391649439E9 -93
1.490391651444E9 -93
1.490391653919E9 -93
1.490391656482E9 -99
1.490391661594E9 -99
1.490391664158E9 -99
1.490391665888E9 -99
1.490391666401E9 -95
1.490391668637E9 -95
1.490391670827E9 -95
1.490391673535E9 -107
1.490391676746E9 -99
1.490391679362E9 -103
1.490391684644E9 -97
1.490391686883E9 -97
1.490391689765E9 -97
1.490391694887E9 -97
1.490391696445E9 -97
1.490391697126E9 -97
1.490391699365E9 -97
1.49039170045E9 -97
1.490391701605E9 -97
1.490391704117E9 -97
1.490391706086E9 -93
1.490391708325E9 -89
1.490391710118E9 -89
1.490391710565E9 -97
1.490391714556E9 -97
1.490391715045E9 -107
1.490391717285E9 -101
1.490391718699E9 -101
1.490391719525E9 -101
1.490391724081E9 -97
1.490391732001E9 -99
1.490391739685E9 -99
1.490391744808E9 -99
1.490391747369E9 -101
1.490391752179E9 -101
1.490391752746E9 -101
1.490391754415E9 -101
1.490391756651E9 -99
1.49039176113E9 -95
1.490391761795E9 -95
1.490391763983E9 -95
1.49039176635E9 -91
1.490391767977E9 -91
1.490391768586E9 -101
1.490391771961E9 -101
1.490391773067E9 -103
1.490391775512E9 -97
1.490391780637E9 -101
1.490391783205E9 -97
1.490391784888E9 -97
1.490391784958E9 -97
1.490391789899E9 -97
1.490391790891E9 -97
1.490391792139E9 -97
