1.49289176862E9 -99
1.492891770442E9 -97
1.492891770602E9 -95
1.492891771812E9 -95
1.492891772124E9 -95
1.492891772132E9 -89
1.492891772844E9 -100
1.492891773445E9 -102
1.492891775094E9 -103
1.492891776445E9 -97
1.492891776501E9 -97
1.492891776504E9 -97
1.492891777328E9 -97
1.492891788471E9 -95
1.492891796511E9 -95
1.492891799677E9 -95
1.492891799691E9 -97
1.492891799696E9 -97
1.492891799701E9 -97
1.49289180008E9 -91
1.492891800513E9 -88
1.492891801962E9 -94
1.492891803516E9 -100
1.492891804212E9 -96
1.492891805069E9 -96
1.49289180677E9 -94
1.49289180678E9 -94
1.492891809005E9 -97
1.492891824688E9 -97
1.492891829078E9 -97
1.492891832094E9 -97
1.492891832098E9 -96
1.492891832102E9 -96
1.49289183212E9 -96
1.492891833644E9 -96
1.492891834927E9 -97
1.492891835314E9 -95
1.492891835885E9 -94
1.492891837929E9 -83
1.49289183842E9 -90
1.492891840306E9 -90
1.492891840362E9 -86
1.492891842602E9 -83
1.492891843932E9 -83
1.492891843936E9 -85
1.492891844842E9 -85
1.492891844995E9 -85
1.492891848626E9 -86
1.492891848629E9 -86
1.49289185157E9 -85
1.492891853728E9 -88
1.492891864038E9 -88
1.492891869498E9 -88
1.492891873768E9 -88
1.492891874238E9 -88
1.492891883782E9 -120
1.492891885176E9 0
1.492891895778E9 0
1.492891895813E9 0
1.492891897382E9 0
1.492891897398E9 0
1.492891897402E9 0
1.492891897797E9 0
1.492891897804E9 0
1.492891898786E9 -79
1.492891902776E9 -79
1.492891903094E9 -80
1.492891904945E9 -82
1.492891907572E9 -78
1.492891909812E9 -80
1.492891912781E9 -80
1.492891913782E9 -79
1.492891914212E9 -79
1.492891914294E9 -79
1.492891916846E9 -80
1.49289192133E9 -80
1.492891936874E9 -80
1.492891936882E9 -80
