1.49040974768E9 -88
1.490409747707E9 -88
1.490409749411E9 -85
1.490409750414E9 -87
1.490409750817E9 -89
1.490409751417E9 -90
1.490409751836E9 -90
1.490409751842E9 -90
1.490409753064E9 -88
1.490409753431E9 -89
1.490409755296E9 -89
1.490409755299E9 -90
1.490409757438E9 -89
1.490409758059E9 -89
1.490409759447E9 -88
1.490409759776E9 -98
1.490409761453E9 -96
1.490409762016E9 -117
1.490409762451E9 -117
1.490409763058E9 -117
1.490409763453E9 -92
1.490409764256E9 -89
1.490409765464E9 -91
1.490409767467E9 -89
1.49040976806E9 -89
1.490409768469E9 -87
1.490409768736E9 -89
1.490409769466E9 -92
1.490409770679E9 -92
1.490409770683E9 -92
1.490409771069E9 -95
1.490409771925E9 -90
1.490409773204E9 -88
