1.490387931E9 79 com.facebook.orca=8 com.att.arocollector=4
1.490387936E9 21 com.att.arocollector=3
1.490387946E9 1
1.490387952E9 1
1.490387957E9 1
1.490387962E9 27 com.att.arocollector=17 com.facebook.orca=2
1.490387967E9 1
1.490387972E9 1
1.490387978E9 50 com.att.arocollector=35
1.490387983E9 1
1.490387988E9 1
1.490387993E9 1
1.490387999E9 1
1.490388004E9 59 com.att.arocollector=43
1.490388009E9 1
1.490388014E9 44 com.att.arocollector=31
1.49038802E9 33 com.att.arocollector=25
1.490388025E9 1
1.49038803E9 57 com.att.arocollector=43
1.490388041E9 1
1.490388046E9 43 com.att.arocollector=30
1.490388051E9 25 com.att.arocollector=18
