1.492989746711E9 -99
1.492989747511E9 -93
1.492989749754E9 -105
1.492989754233E9 -101
1.492989754511E9 -101
1.492989758425E9 -101
1.492989758711E9 -95
1.492989763195E9 -101
1.492989763969E9 -101
1.492989765435E9 -101
1.492989767676E9 -101
1.492989772152E9 -101
1.492989774396E9 -101
1.492989779513E9 -103
1.492989780515E9 -103
1.492989781751E9 -99
1.492989783209E9 -99
1.492989783216E9 -99
1.492989783991E9 -103
1.492989784089E9 -103
1.492989799523E9 -109
1.492989800633E9 -109
1.492989802983E9 -103
1.492989803994E9 -103
1.492989803999E9 -103
1.49298980424E9 -103
1.492989817912E9 -105
1.49298982099E9 -105
1.492989823994E9 -103
1.492989823997E9 -103
1.492989823999E9 -103
1.492989829757E9 -107
1.492989832332E9 -103
1.492989837455E9 -101
1.492989839995E9 -101
