1.492890120804E9 -95
1.492890123429E9 -93
1.492890127577E9 -93
1.49289012791E9 -93
1.492890130149E9 -91
1.49289013239E9 -91
1.492890136869E9 -91
1.492890139116E9 -91
1.492890144455E9 -95
1.492890146704E9 -89
1.492890147223E9 -89
1.492890148543E9 -93
1.492890150853E9 -93
1.492890151561E9 -93
1.492890154549E9 -93
1.492890157548E9 -93
1.492890160554E9 -91
1.492890163552E9 -91
1.492890166927E9 -89
1.492890167514E9 -89
1.492890169936E9 -93
1.49289017114E9 -93
1.492890172937E9 -97
1.492890175934E9 -97
1.492890178937E9 -95
1.49289018387E9 -95
1.49289018543E9 -97
1.492890187468E9 -97
1.492890189935E9 -97
1.492890189936E9 -97
1.492890191587E9 -93
1.492890197251E9 -93
1.492890200588E9 -93
1.492890204603E9 -97
1.492890209416E9 -93
1.492890209682E9 -93
1.49289021323E9 -93
1.492890216133E9 -97
1.492890218378E9 -97
1.492890221303E9 -97
1.492890222858E9 -95
1.492890225096E9 -93
1.492890227335E9 -95
1.492890228907E9 -95
1.492890231814E9 -99
1.492890234056E9 -99
1.492890239542E9 -99
1.492890242104E9 -99
1.492890247221E9 -99
