1.492891799984E9 -93
1.492891806513E9 -93
1.492891808728E9 -93
1.492891810992E9 -91
1.492891815473E9 -91
1.492891817766E9 -91
1.492891822583E9 -93
1.492891823184E9 -93
1.492891824821E9 -93
1.492891826774E9 -93
1.492891827061E9 -93
1.492891830531E9 -93
1.492891831543E9 -89
1.492891833782E9 -87
1.492891836026E9 -87
1.492891838157E9 -87
1.492891840502E9 -91
1.492891842746E9 -91
1.492891844984E9 -91
1.492891849771E9 -89
1.492891854906E9 -89
1.492891857468E9 -89
1.492891862584E9 -91
1.492891867404E9 -95
1.492891867632E9 -95
1.492891871887E9 -95
1.492891872792E9 -95
1.492891876362E9 -97
1.492891881577E9 -97
1.492891884125E9 -101
1.492891887409E9 -101
1.492891887415E9 -101
1.492891891178E9 -105
1.492891891388E9 -105
1.492891893419E9 -103
1.492891895441E9 -103
1.492891897898E9 -93
1.492891900139E9 -97
1.492891902379E9 -97
1.492891904083E9 -97
1.492891906858E9 -93
1.4928919091E9 -91
1.49289191015E9 -91
1.492891911345E9 -97
1.492891915816E9 -97
1.492891917839E9 -97
1.492891918058E9 -97
1.492891920303E9 -97
1.492891922351E9 -97
1.492891924779E9 -95
1.492891927016E9 -91
1.492891929552E9 -91
1.492891931277E9 -91
1.492891931799E9 -91
1.492891934832E9 -91
1.492891936272E9 -91
1.492891938518E9 -91
1.49289194075E9 -91
