1.492889017231E9 -90
1.492889019031E9 -90
1.492889019036E9 -93
1.492889020395E9 -93
1.492889021276E9 -93
1.492889022081E9 -92
1.492889022674E9 -92
1.492889023162E9 -90
1.49288902317E9 -90
1.492889023734E9 -92
1.492889025166E9 -95
1.492889043893E9 -86
1.492889044194E9 -86
1.492889044774E9 -86
1.49288904479E9 -89
1.492889044794E9 -89
1.492889044798E9 -89
1.492889046133E9 -89
1.492889048379E9 -85
1.492889050133E9 -85
1.492889050611E9 -90
1.492889052201E9 -87
1.492889055094E9 -87
1.492889055098E9 -87
1.49288905513E9 -87
1.492889057335E9 -89
1.492889059575E9 -89
1.492889059584E9 -89
1.492889060133E9 -89
1.492889060555E9 -89
1.492889061278E9 -88
1.492889061282E9 -88
1.492889065122E9 -88
1.49288906513E9 -89
1.492889067358E9 -85
1.492889068126E9 -90
1.492889069603E9 -93
1.492889070516E9 -93
1.492889071126E9 -95
1.492889071838E9 -92
1.492889075513E9 -92
1.492889076317E9 -92
1.492889077129E9 -93
1.492889078562E9 -96
1.49288908013E9 -92
1.492889080512E9 -92
1.492889080797E9 -94
1.49288908239E9 -94
1.492889083931E9 -94
1.492889083937E9 -94
1.492889086881E9 -94
1.49288908903E9 -93
1.492889091998E9 -94
1.492889094167E9 -95
1.492889097118E9 -94
