1.492891100517E9 -93
1.492891101065E9 -93
1.492891102185E9 -87
1.492891105188E9 -90
1.492891105547E9 -88
1.492891107787E9 -93
1.492891108334E9 -88
1.492891108344E9 -88
1.492891112195E9 -86
1.492891112588E9 -86
1.492891114829E9 -89
1.49289111619E9 -93
1.492891117066E9 -89
1.492891119071E9 -89
1.492891119194E9 -90
1.492891119633E9 -90
1.492891122427E9 -89
1.492891122432E9 -89
1.492891125385E9 -91
1.492891127562E9 -91
1.492891130188E9 -87
1.492891131229E9 -91
1.492891134231E9 -91
1.492891134236E9 -87
1.492891134577E9 -87
1.492891136908E9 -89
1.492891136912E9 -89
1.492891138186E9 -89
1.492891139467E9 -93
1.492891142898E9 -92
1.492891143572E9 -92
1.492891143577E9 -87
1.49289114587E9 -90
1.492891150983E9 -90
1.492891153132E9 -91
1.492891156111E9 -89
1.492891161225E9 -89
1.492891163192E9 -90
1.492891168905E9 -90
1.492891171151E9 -92
1.492891175626E9 -92
1.492891179199E9 -92
1.492891184587E9 -92
1.492891191222E9 -92
1.49289119381E9 -92
1.492891193815E9 -88
1.492891193818E9 -88
1.492891193844E9 -88
1.492891197065E9 -86
1.492891201869E9 -94
1.492891202228E9 -93
1.49289120411E9 -91
1.492891205238E9 -89
1.492891205657E9 -89
1.492891208239E9 -92
1.49289120864E9 -92
1.492891210828E9 -92
1.492891210832E9 -86
1.492891211452E9 -89
1.492891213066E9 -92
1.492891214456E9 -95
1.492891215309E9 -95
1.492891215315E9 -94
1.492891215366E9 -94
1.492891217098E9 -94
1.492891217546E9 -82
1.49289121755E9 -82
