1.492990442735E9 -92
1.492990443538E9 -92
1.492990445347E9 -92
1.492990445351E9 -92
1.492990445778E9 -93
1.492990446463E9 -93
1.492990448975E9 -93
1.492990448981E9 -93
1.492990451212E9 -93
1.492990451216E9 -85
1.492990451974E9 -83
1.492990453455E9 -93
1.49299045464E9 -93
1.492990454982E9 -86
1.492990455691E9 -91
1.492990457931E9 -91
1.492990459639E9 -91
1.492990460172E9 -84
1.492990460982E9 -84
1.492990462416E9 -92
1.492990463987E9 -87
1.49299046464E9 -87
1.492990464649E9 -90
1.492990466528E9 -90
1.492990466899E9 -90
1.492990466906E9 -90
1.49299046691E9 -90
1.492990469448E9 -87
1.492990472009E9 -87
1.492990475447E9 -89
1.492990480583E9 -88
1.492990483531E9 -94
1.492990488649E9 -92
1.492990490822E9 -89
1.49299049121E9 -89
1.492990493771E9 -89
1.492990494599E9 -91
1.492990496012E9 -91
1.49299049764E9 -88
1.492990498248E9 -91
1.492990500047E9 -91
1.492990500493E9 -91
1.492990500775E9 -116
1.492990500986E9 -116
1.492990502732E9 -116
1.492990502737E9 -116
1.492990502742E9 -103
1.492990506161E9 -94
1.492990509132E9 -94
1.492990509136E9 -89
1.492990510973E9 -89
1.492990514249E9 -92
1.492990518089E9 -92
1.49299052116E9 -85
1.492990521619E9 -89
1.492990523865E9 -88
1.492990524769E9 -86
1.492990526157E9 -86
1.49299052777E9 -86
1.49299052834E9 -86
1.49299053077E9 -87
1.49299053116E9 -87
1.492990531239E9 -87
1.492990533459E9 -87
1.492990533462E9 -87
1.492990533465E9 -90
1.492990534731E9 -96
1.492990536523E9 -99
1.492990538518E9 -99
1.492990538523E9 -89
1.492990538756E9 -91
1.492990540997E9 -89
1.492990541516E9 -95
1.492990542117E9 -95
1.492990543234E9 -94
1.492990544516E9 -92
1.492990545485E9 -94
1.492990545803E9 -94
1.492990547524E9 -94
1.492990547527E9 -94
1.492990547531E9 -90
1.492990547715E9 -90
1.492990549955E9 -88
1.492990550529E9 -89
1.49299055167E9 -89
1.492990552168E9 -89
1.492990552197E9 -89
1.492990553932E9 -88
1.492990553936E9 -93
1.49299055745E9 -93
1.492990559693E9 -86
1.492990561386E9 -91
1.492990561932E9 -89
1.492990563372E9 -89
1.492990564172E9 -89
1.492990564177E9 -92
1.492990566411E9 -117
1.492990567353E9 -117
1.492990567389E9 -91
1.492990567393E9 -91
1.492990568652E9 -90
1.492990570395E9 -88
1.492990570895E9 -94
1.492990572997E9 -94
1.492990573131E9 -94
1.492990573134E9 -91
1.492990573393E9 -90
1.492990575372E9 -89
1.492990576393E9 -91
1.492990577609E9 -92
1.492990577613E9 -92
1.492990580815E9 -92
1.49299058082E9 -94
1.492990583368E9 -93
1.49299058465E9 -93
1.492990588489E9 -91
1.492990596174E9 -92
