1.492889703345E9 -94
1.492889703735E9 -91
1.492889704768E9 -89
1.492889705975E9 -92
1.492889707757E9 -93
1.492889707917E9 -93
1.492889708215E9 -90
1.492889710476E9 -92
1.492889710482E9 -92
1.492889710761E9 -92
1.492889712794E9 -93
1.492889721601E9 -93
1.492889721604E9 -93
1.492889723835E9 -89
1.492889725295E9 -89
1.492889725361E9 -92
1.492889726075E9 -94
1.492889729591E9 -94
1.492889732534E9 -94
1.492889734775E9 -91
1.492889735538E9 -89
1.492889736557E9 -92
1.492889738299E9 -92
1.492889739258E9 -95
1.492889741492E9 -95
1.492889742956E9 -95
1.492889744053E9 -93
1.492889744058E9 -93
1.492889746056E9 -91
1.492889748531E9 -90
1.492889749059E9 -92
1.492889749436E9 -92
1.492889750772E9 -89
1.492889752055E9 -91
1.492889753012E9 -89
1.492889755056E9 -91
1.492889760347E9 -95
1.492889761062E9 -99
1.49288976197E9 -97
1.492889764062E9 -97
1.492889764147E9 -97
1.492889785176E9 -97
1.492889786437E9 -97
1.492889786453E9 -99
1.49288978646E9 -99
1.492889786471E9 -99
1.492889787931E9 -90
1.492889788576E9 -86
1.492889789814E9 -92
1.492889791044E9 -92
1.492889791049E9 -95
1.492889791578E9 -92
1.492889792056E9 -88
1.492889792927E9 -88
1.492889794297E9 -94
1.492889796536E9 -94
1.492889796541E9 -90
1.492889797582E9 -96
1.492889797922E9 -96
1.492889798512E9 -96
1.492889799098E9 -94
1.492889799101E9 -94
1.492889806525E9 -94
1.492889812536E9 -94
